# Created by Octave 6.4.0, Wed Jul 20 20:18:32 2022 GMT <unknown@DESKTOP-2H7NRDG>
# name: NUMBER_OF_SAMPLES
# type: scalar
20


# name: i
# type: scalar
20


# name: j
# type: scalar
10


# name: k
# type: scalar
10


# name: sample
# type: matrix
# rows: 10
# columns: 20
 0.079799999999999996 0.14409999999999998 0.18359999999999999 0.21859999999999999 0.23449999999999999 0.26539999999999997 0.27550000000000002 0.28179999999999999 0.29639999999999994 0.30519999999999997 0.31070000000000003 0.31650000000000006 0.31479999999999997 0.32320000000000004 0.32700000000000001 0.33150000000000002 0.33610000000000001 0.33510000000000001 0.34019999999999995 0.33730000000000004
 0.086899999999999991 0.14929999999999999 0.20790000000000003 0.2379 0.27729999999999999 0.29629999999999995 0.31280000000000002 0.32350000000000001 0.34500000000000008 0.35300000000000004 0.35110000000000002 0.36290000000000006 0.36109999999999998 0.36369999999999997 0.36800000000000005 0.36029999999999995 0.37060000000000004 0.36300000000000004 0.36380000000000001 0.36149999999999999
 0.090099999999999986 0.15610000000000002 0.21280000000000002 0.25180000000000002 0.27729999999999999 0.30230000000000001 0.32229999999999998 0.3427 0.34510000000000007 0.35619999999999996 0.35860000000000003 0.36119999999999991 0.36649999999999999 0.3679 0.36130000000000001 0.36409999999999998 0.37120000000000003 0.36770000000000003 0.3584 0.36940000000000001
 0.093899999999999983 0.15530000000000002 0.20500000000000002 0.25460000000000005 0.28589999999999999 0.30819999999999997 0.32930000000000004 0.33510000000000001 0.36060000000000003 0.36239999999999994 0.37090000000000006 0.36809999999999998 0.36599999999999999 0.36310000000000003 0.36470000000000002 0.36180000000000001 0.36549999999999999 0.3584 0.35659999999999992 0.3478
 0.088399999999999992 0.15460000000000002 0.21110000000000001 0.25490000000000002 0.29359999999999997 0.31929999999999997 0.33320000000000005 0.34349999999999997 0.35829999999999995 0.36659999999999998 0.36220000000000002 0.37469999999999998 0.36570000000000003 0.36730000000000002 0.37059999999999993 0.36259999999999998 0.35859999999999997 0.3513 0.34960000000000008 0.34129999999999999
 0.088199999999999987 0.15989999999999999 0.22390000000000004 0.25440000000000007 0.29200000000000004 0.32520000000000004 0.33019999999999994 0.35440000000000005 0.36839999999999995 0.36440000000000006 0.36809999999999998 0.37890000000000001 0.36170000000000002 0.372 0.35549999999999998 0.35970000000000002 0.34670000000000006 0.34839999999999999 0.3357 0.33169999999999999
 0.095399999999999985 0.16519999999999999 0.21139999999999998 0.25700000000000001 0.29399999999999993 0.31620000000000004 0.33240000000000003 0.35219999999999996 0.35730000000000001 0.36839999999999995 0.36870000000000003 0.36669999999999991 0.36660000000000004 0.3639 0.35839999999999994 0.35170000000000001 0.34459999999999996 0.34219999999999995 0.33550000000000002 0.32229999999999998
 0.090799999999999978 0.15709999999999999 0.21390000000000003 0.26779999999999998 0.29900000000000004 0.32100000000000006 0.33540000000000003 0.34290000000000004 0.35149999999999998 0.37509999999999999 0.374 0.37140000000000006 0.3715 0.35919999999999996 0.34999999999999998 0.35780000000000001 0.3427 0.33850000000000002 0.33389999999999997 0.32039999999999996
 0.086299999999999988 0.1603 0.21579999999999999 0.26099999999999995 0.30310000000000004 0.3251 0.3397 0.35829999999999995 0.35589999999999999 0.36639999999999995 0.37439999999999996 0.37570000000000003 0.3569 0.36569999999999997 0.35689999999999994 0.35599999999999998 0.33649999999999997 0.33879999999999999 0.32490000000000002 0.32050000000000001
 0.085299999999999973 0.16299999999999998 0.21750000000000003 0.25949999999999995 0.29850000000000004 0.3256 0.33829999999999999 0.3533 0.35609999999999997 0.3735 0.36649999999999999 0.36929999999999996 0.36980000000000002 0.36270000000000002 0.36260000000000003 0.35920000000000002 0.34889999999999999 0.33610000000000001 0.31829999999999997 0.32490000000000002


# name: y
# type: range
# base, limit, increment
0.10000000000000001 2 0.10000000000000001


